================================================================================
 CAMELS Galaxy Data Exploration
================================================================================
Loaded 802326 central galaxies from camels_astrid_sb7_090.parquet

Dataset shape: (802326, 34)
Total columns: ['simulation_id', 'simulation_name', 'subhalo_index', 'halo_id', 'central_subhalo_index', 'is_central', 'Mg', 'MBH', 'Mstar', 'Mt', 'Vmax', 'sigma_v', 'Zg', 'Zstar', 'SFR', 'J', 'Rstar', 'Rt', 'Rmax', 'pos_x', 'pos_y', 'pos_z', 'vel_x', 'vel_y', 'vel_z', 'Omega_m', 'sigma_8', 'A_SN1', 'A_AGN1', 'A_SN2', 'A_AGN2', 'Omega_b', 'seed', 'V']

================================================================================
 GALAXY PROPERTIES (FEATURES) - Basic Statistics
================================================================================
 Column  Count  Missing  Zeros  Negatives          Min          Max         Mean       Median          Std   Skewness     Kurtosis
     Mg 802326        0  40265          0 0.000000e+00 6.059804e+13 4.719787e+10 6.727934e+09 3.805038e+11  40.847787  3066.936731
    MBH 802326        0 244698          0 0.000000e+00 1.154308e+11 7.455904e+07 6.794806e+06 6.228471e+08  59.001041  6354.954101
  Mstar 802326        0      0          0 1.300005e+08 2.691956e+12 3.948859e+09 5.849856e+08 1.968717e+10  28.591408  1754.692938
     Mt 802326        0      0          0 1.373768e+08 3.711876e+14 5.134743e+11 7.913629e+10 3.470204e+12  30.034402  1480.459309
   Vmax 802326        0      0          0 5.968525e+00 1.309249e+03 1.062235e+02 8.868833e+01 5.822692e+01   3.870604    26.410441
sigma_v 802326        0      0          0 3.247676e+00 7.429329e+02 5.340808e+01 4.270629e+01 3.439542e+01   3.998467    28.267971
     Zg 802326        0 111404          0 0.000000e+00 1.142189e-01 7.422856e-03 4.680398e-03 8.849470e-03   2.485106     8.692309
  Zstar 802326        0      0          0 9.193980e-05 5.912407e-02 8.616230e-03 6.467613e-03 6.857957e-03   1.674897     3.261335
    SFR 802326        0 326034          0 0.000000e+00 9.947169e+02 2.242041e-01 1.658042e-02 1.951023e+00 215.424943 93381.797706
      J 802326        0      0          0 1.031395e+00 1.243792e+05 6.483770e+02 2.665829e+02 1.613329e+03  12.642983   313.839499
  Rstar 802326        0      0          0 9.899298e-01 7.227867e+02 5.275872e+00 4.561354e+00 4.661044e+00  30.536955  2442.718434
     Rt 802326        0      0          0 1.874025e+00 6.302288e+02 3.694254e+01 2.853918e+01 3.202228e+01   3.857111    25.888811
   Rmax 802326        0      0          0 1.477114e-01 8.817730e+02 1.758259e+01 9.748480e+00 2.726564e+01   6.880682    75.317555
      V 802326        0      0          0 7.733661e-01 1.534934e+03 1.988977e+02 1.675040e+02 1.316327e+02   1.778559     5.070744

================================================================================
 LOG TRANSFORMATION SUITABILITY
================================================================================

Columns are good candidates for log transform if:
  - All values are positive (or can be shifted)
  - High positive skewness (> 1)
  - Large dynamic range (max/min)

 Column          Min          Max  N_zeros  N_negative   Skewness  DynamicRange Log_Candidate
     Mg 0.000000e+00 6.059804e+13    40265           0  40.847787           NaN              
    MBH 0.000000e+00 1.154308e+11   244698           0  59.001041           NaN              
  Mstar 1.300005e+08 2.691956e+12        0           0  28.591408  2.070728e+04             ✓
     Mt 1.373768e+08 3.711876e+14        0           0  30.034402  2.701967e+06             ✓
   Vmax 5.968525e+00 1.309249e+03        0           0   3.870604  2.193589e+02             ✓
sigma_v 3.247676e+00 7.429329e+02        0           0   3.998467  2.287583e+02             ✓
     Zg 0.000000e+00 1.142189e-01   111404           0   2.485106           NaN              
  Zstar 9.193980e-05 5.912407e-02        0           0   1.674897  6.430738e+02             ✓
    SFR 0.000000e+00 9.947169e+02   326034           0 215.424943           NaN              
      J 1.031395e+00 1.243792e+05        0           0  12.642983  1.205932e+05             ✓
  Rstar 9.899298e-01 7.227867e+02        0           0  30.536955  7.301393e+02             ✓
     Rt 1.874025e+00 6.302288e+02        0           0   3.857111  3.362969e+02             ✓
   Rmax 1.477114e-01 8.817730e+02        0           0   6.880682  5.969567e+03             ✓
      V 7.733661e-01 1.534934e+03        0           0   1.778559  1.984745e+03             ✓

----------------------------------------
Recommended for log transform:
  - Mstar
  - Mt
  - Vmax
  - sigma_v
  - Zstar
  - J
  - Rstar
  - Rt
  - Rmax
  - V

================================================================================
 PERCENTILE DISTRIBUTIONS
================================================================================
 Column           P0           P1           P5          P25          P50          P75          P95          P99         P100
     Mg 0.000000e+00 0.000000e+00 0.000000e+00 3.031005e+09 6.727934e+09 1.793297e+10 1.276029e+11 7.070602e+11 6.059804e+13
    MBH 0.000000e+00 0.000000e+00 0.000000e+00 0.000000e+00 6.794806e+06 2.774308e+07 2.453261e+08 1.184436e+09 1.154308e+11
  Mstar 1.300005e+08 1.331060e+08 1.468023e+08 2.522219e+08 5.849856e+08 1.969648e+09 1.484636e+10 5.936093e+10 2.691956e+12
     Mt 1.373768e+08 9.711960e+09 1.811550e+10 4.063989e+10 7.913629e+10 2.211618e+11 1.470761e+12 7.723938e+12 3.711876e+14
   Vmax 5.968525e+00 4.657414e+01 5.981380e+01 7.473946e+01 8.868833e+01 1.174022e+02 2.087576e+02 3.440072e+02 1.309249e+03
sigma_v 3.247676e+00 2.071850e+01 2.620898e+01 3.466110e+01 4.270629e+01 6.052262e+01 1.127869e+02 1.947605e+02 7.429329e+02
     Zg 0.000000e+00 0.000000e+00 0.000000e+00 1.653417e-03 4.680398e-03 9.779027e-03 2.514383e-02 4.289382e-02 1.142189e-01
  Zstar 9.193980e-05 8.510006e-04 1.697083e-03 3.819284e-03 6.467613e-03 1.128874e-02 2.299452e-02 3.251341e-02 5.912407e-02
    SFR 0.000000e+00 0.000000e+00 0.000000e+00 0.000000e+00 1.658042e-02 1.171861e-01 7.572828e-01 3.366690e+00 9.947169e+02
      J 1.031395e+00 2.366976e+01 4.804092e+01 1.292318e+02 2.665829e+02 5.877977e+02 2.227216e+03 6.712563e+03 1.243792e+05
  Rstar 9.899298e-01 1.964364e+00 2.319417e+00 3.242485e+00 4.561354e+00 6.187975e+00 1.000792e+01 1.757023e+01 7.227867e+02
     Rt 1.874025e+00 6.688514e+00 1.044660e+01 1.828066e+01 2.853918e+01 4.403522e+01 9.095463e+01 1.699948e+02 6.302288e+02
   Rmax 1.477114e-01 3.477631e+00 4.293160e+00 6.355663e+00 9.748480e+00 1.764054e+01 5.451013e+01 1.368844e+02 8.817730e+02
      V 7.733661e-01 2.953927e+01 5.301614e+01 1.079520e+02 1.675040e+02 2.533771e+02 4.545292e+02 6.649878e+02 1.534934e+03

================================================================================
 COSMOLOGICAL & ASTROPHYSICAL PARAMETERS (TARGETS)
================================================================================
 Column  Count  Missing  Zeros  Negatives      Min      Max     Mean   Median      Std  Skewness  Kurtosis
Omega_m 802326        0      0          0 0.100153 0.499661 0.336422 0.348501 0.106909 -0.327210 -0.961868
sigma_8 802326        0      0          0 0.600188 0.999724 0.808227 0.811705 0.114234 -0.080933 -1.170226
  A_SN1 802326        0      0          0 0.250121 3.994831 1.060684 0.694501 0.902309  1.418089  1.138346
 A_AGN1 802326        0      0          0 0.250134 3.989568 1.356635 1.000043 1.029025  0.926343 -0.253252
  A_SN2 802326        0      0          0 0.500570 1.998668 0.827660 0.714944 0.328558  1.520347  1.837367
 A_AGN2 802326        0      0          0 0.250580 3.998544 1.367493 1.023476 1.026924  0.900821 -0.306629
Omega_b 802326        0      0          0 0.010018 0.089955 0.056112 0.058090 0.021379 -0.263107 -1.003922

================================================================================
 LOG TRANSFORMATION SUITABILITY
================================================================================

Columns are good candidates for log transform if:
  - All values are positive (or can be shifted)
  - High positive skewness (> 1)
  - Large dynamic range (max/min)

 Column      Min      Max  N_zeros  N_negative  Skewness  DynamicRange Log_Candidate
Omega_m 0.100153 0.499661        0           0 -0.327210      4.988977              
sigma_8 0.600188 0.999724        0           0 -0.080933      1.665685              
  A_SN1 0.250121 3.994831        0           0  1.418089     15.971594              
 A_AGN1 0.250134 3.989568        0           0  0.926343     15.949723              
  A_SN2 0.500570 1.998668        0           0  1.520347      3.992784              
 A_AGN2 0.250580 3.998544        0           0  0.900821     15.957155              
Omega_b 0.010018 0.089955        0           0 -0.263107      8.979337              

----------------------------------------
Recommended for log transform:

================================================================================
 PERCENTILE DISTRIBUTIONS
================================================================================
 Column       P0       P1       P5      P25      P50      P75      P95      P99     P100
Omega_m 0.100153 0.111346 0.147025 0.252803 0.348501 0.429313 0.486348 0.495876 0.499661
sigma_8 0.600188 0.606409 0.623099 0.711254 0.811705 0.907862 0.981299 0.996462 0.999724
  A_SN1 0.250121 0.253150 0.275410 0.397198 0.694501 1.420206 3.158166 3.742909 3.994831
 A_AGN1 0.250134 0.257709 0.284815 0.503526 1.000043 2.008983 3.504072 3.903925 3.989568
  A_SN2 0.500570 0.502843 0.515198 0.587609 0.714944 0.950651 1.581984 1.905486 1.998668
 A_AGN2 0.250580 0.259607 0.289672 0.504083 1.023476 2.028898 3.458930 3.934705 3.998544
Omega_b 0.010018 0.012168 0.019140 0.039137 0.058090 0.074517 0.086952 0.089324 0.089955

================================================================================
 FEATURE CORRELATIONS (top absolute correlations)
================================================================================

Top 15 correlations:
Feature1 Feature2  Correlation  Abs_Corr
    Vmax  sigma_v     0.988408  0.988408
      Mg       Mt     0.826313  0.826313
 sigma_v       Rt     0.823916  0.823916
      Rt     Rmax     0.822876  0.822876
    Vmax       Rt     0.784455  0.784455
       J       Rt     0.767077  0.767077
 sigma_v        J     0.765604  0.765604
    Vmax        J     0.739090  0.739090
      Mt        J     0.718612  0.718612
       J     Rmax     0.699910  0.699910
 sigma_v     Rmax     0.677937  0.677937
   Mstar       Mt     0.667997  0.667997
      Mt  sigma_v     0.660745  0.660745
      Mt     Vmax     0.650601  0.650601
    Vmax     Rmax     0.623662  0.623662


Full correlation matrix:
            Mg    MBH  Mstar     Mt   Vmax  sigma_v     Zg  Zstar    SFR      J  Rstar     Rt   Rmax      V
Mg       1.000  0.363  0.614  0.826  0.522    0.516 -0.006  0.045  0.265  0.604  0.339  0.511  0.530 -0.039
MBH      0.363  1.000  0.571  0.527  0.392    0.405 -0.033  0.111  0.054  0.427  0.365  0.408  0.365 -0.021
Mstar    0.614  0.571  1.000  0.668  0.551    0.542  0.054  0.294  0.224  0.552  0.350  0.550  0.436 -0.044
Mt       0.826  0.527  0.668  1.000  0.651    0.661 -0.000  0.114  0.178  0.719  0.388  0.592  0.577 -0.027
Vmax     0.522  0.392  0.551  0.651  1.000    0.988  0.086  0.332  0.203  0.739  0.361  0.784  0.624  0.009
sigma_v  0.516  0.405  0.542  0.661  0.988    1.000  0.039  0.284  0.175  0.766  0.399  0.824  0.678 -0.004
Zg      -0.006 -0.033  0.054 -0.000  0.086    0.039  1.000  0.609  0.106 -0.009 -0.172 -0.092 -0.103  0.047
Zstar    0.045  0.111  0.294  0.114  0.332    0.284  0.609  1.000  0.068  0.151 -0.099  0.158 -0.001  0.045
SFR      0.265  0.054  0.224  0.178  0.203    0.175  0.106  0.068  1.000  0.151  0.057  0.138  0.095 -0.036
J        0.604  0.427  0.552  0.719  0.739    0.766 -0.009  0.151  0.151  1.000  0.417  0.767  0.700 -0.042
Rstar    0.339  0.365  0.350  0.388  0.361    0.399 -0.172 -0.099  0.057  0.417  1.000  0.557  0.590 -0.056
Rt       0.511  0.408  0.550  0.592  0.784    0.824 -0.092  0.158  0.138  0.767  0.557  1.000  0.823 -0.152
Rmax     0.530  0.365  0.436  0.577  0.624    0.678 -0.103 -0.001  0.095  0.700  0.590  0.823  1.000 -0.098
V       -0.039 -0.021 -0.044 -0.027  0.009   -0.004  0.047  0.045 -0.036 -0.042 -0.056 -0.152 -0.098  1.000
